0.57034844748720869845
0.25702141884622803358
0.05423868358973559650
0.00443244820054401138
0.00013383042483148090
0.00000148671951582621
0.00000000607588281737
0.00000000000913472036
0.00000000000000505227
0.00000000000000000000
0.00000000000000000000
0.00000000000000000000
0.00000000000000000000
0.00000000000000000000
0.00000000000000000000
0.00000000000000000000
0.00000000000000000000
0.00000000000000000000
0.00000000000000000000
0.00000000000000000000
0.34593382012049295193
0.42375668027730295506
0.24308091543364257481
0.05399827343425839948
0.00443185500411828835
0.00013383022586317651
0.00000148671950679308
0.00000000607588281731
0.00000000000913472036
0.00000000000000505227
0.00000000000000000000
0.00000000000000000000
0.00000000000000000000
0.00000000000000000000
0.00000000000000000000
0.00000000000000000000
0.00000000000000000000
0.00000000000000000000
0.00000000000000000000
0.00000000000000000000
0.07718826868424370768
0.25702141884622803358
0.40077267577670555587
0.24200347186744214367
0.05399104682238452246
0.00443184841519296286
0.00013383022505003973
0.00000148671950677950
0.00000000607588281731
0.00000000000913472036
0.00000000000000505227
0.00000000000000000000
0.00000000000000000000
0.00000000000000000000
0.00000000000000000000
0.00000000000000000000
0.00000000000000000000
0.00000000000000000000
0.00000000000000000000
0.00000000000000000000
0.00633599892872727458
0.05734923034873552067
0.24308091543364257481
0.39899627165113188410
0.24197108443999140737
0.05399096655284153778
0.00443184838826557112
0.00013383022504881724
0.00000148671950677949
0.00000000607588281731
0.00000000000913472036
0.00000000000000505227
0.00000000000000000000
0.00000000000000000000
0.00000000000000000000
0.00000000000000000000
0.00000000000000000000
0.00000000000000000000
0.00000000000000000000
0.00000000000000000000
0.00019133058901417679
0.00470751149425760983
0.05423868358973559650
0.24200347186744214367
0.39894287381059062580
0.24197072469685790286
0.05399096622479875041
0.00443184838822508788
0.00013383022504881656
0.00000148671950677949
0.00000000607588281731
0.00000000000913472036
0.00000000000000505227
0.00000000000000000000
0.00000000000000000000
0.00000000000000000000
0.00000000000000000000
0.00000000000000000000
0.00000000000000000000
0.00000000000000000000
0.00000212549085101835
0.00014215452955706855
0.00445218226782552809
0.05399827343425839948
0.24197108443999140737
0.39894228069443443685
0.24197072322667215194
0.05399096622430556158
0.00443184838822506533
0.00013383022504881656
0.00000148671950677949
0.00000000607588281731
0.00000000000913472036
0.00000000000000505227
0.00000000000000000000
0.00000000000000000000
0.00000000000000000000
0.00000000000000000000
0.00000000000000000000
0.00000000000000000000
0.00000000868639530266
0.00000157919417674494
0.00013444425500757501
0.00443244820054401138
0.05399104682238452246
0.24197072469685790286
0.39894227827050793289
0.24197072322446180892
0.05399096622430528403
0.00443184838822506533
0.00013383022504881656
0.00000148671950677949
0.00000000607588281731
0.00000000000913472036
0.00000000000000505227
0.00000000000000000000
0.00000000000000000000
0.00000000000000000000
0.00000000000000000000
0.00000000000000000000
0.00000000001305946714
0.00000000645380565731
0.00000149354076346572
0.00013384833781139319
0.00443185500411828835
0.05399096655284153778
0.24197072322667215194
0.39894227826686373684
0.24197072322446058767
0.05399096622430528403
0.00443184838822506533
0.00013383022504881656
0.00000148671950677950
0.00000000607588281737
0.00000000000913472042
0.00000000000000505228
0.00000000000000000000
0.00000000000000000000
0.00000000000000000000
0.00000000000000000000
0.00000000000000722299
0.00000000000970290437
0.00000000610375973431
0.00000148692072139625
0.00013383042483148090
0.00443184841519296286
0.05399096622479875041
0.24197072322446180892
0.39894227826686168292
0.24197072322446058767
0.05399096622430528403
0.00443184838822506533
0.00013383022504881724
0.00000148671950679308
0.00000000607588285429
0.00000000000913473400
0.00000000000000505295
0.00000000000000000000
0.00000000000000000000
0.00000000000000000000
0.00000000000000000000
0.00000000000000536652
0.00000000000917663161
0.00000000607670513546
0.00000148672172616442
0.00013383022586317651
0.00443184838826557112
0.05399096622430556158
0.24197072322446058767
0.39894227826686168292
0.24197072322446058767
0.05399096622430528403
0.00443184838822508788
0.00013383022505003973
0.00000148671951582621
0.00000000607589188743
0.00000000000913595666
0.00000000000000507545
0.00000000000000000000
0.00000000000000000000
0.00000000000000000000
0.00000000000000000000
0.00000000000000507545
0.00000000000913595666
0.00000000607589188743
0.00000148671951582621
0.00013383022505003973
0.00443184838822508788
0.05399096622430528403
0.24197072322446058767
0.39894227826686168292
0.24197072322446058767
0.05399096622430556158
0.00443184838826557112
0.00013383022586317651
0.00000148672172616442
0.00000000607670513546
0.00000000000917663161
0.00000000000000536652
0.00000000000000000000
0.00000000000000000000
0.00000000000000000000
0.00000000000000000000
0.00000000000000505295
0.00000000000913473400
0.00000000607588285429
0.00000148671950679308
0.00013383022504881724
0.00443184838822506533
0.05399096622430528403
0.24197072322446058767
0.39894227826686168292
0.24197072322446180892
0.05399096622479875041
0.00443184841519296286
0.00013383042483148090
0.00000148692072139625
0.00000000610375973431
0.00000000000970290437
0.00000000000000722299
0.00000000000000000000
0.00000000000000000000
0.00000000000000000000
0.00000000000000000000
0.00000000000000505228
0.00000000000913472042
0.00000000607588281737
0.00000148671950677950
0.00013383022504881656
0.00443184838822506533
0.05399096622430528403
0.24197072322446058767
0.39894227826686373684
0.24197072322667215194
0.05399096655284153778
0.00443185500411828835
0.00013384833781139319
0.00000149354076346572
0.00000000645380565731
0.00000000001305946714
0.00000000000000000000
0.00000000000000000000
0.00000000000000000000
0.00000000000000000000
0.00000000000000000000
0.00000000000000505227
0.00000000000913472036
0.00000000607588281731
0.00000148671950677949
0.00013383022504881656
0.00443184838822506533
0.05399096622430528403
0.24197072322446180892
0.39894227827050793289
0.24197072469685790286
0.05399104682238452246
0.00443244820054401138
0.00013444425500757501
0.00000157919417674494
0.00000000868639530266
0.00000000000000000000
0.00000000000000000000
0.00000000000000000000
0.00000000000000000000
0.00000000000000000000
0.00000000000000000000
0.00000000000000505227
0.00000000000913472036
0.00000000607588281731
0.00000148671950677949
0.00013383022504881656
0.00443184838822506533
0.05399096622430556158
0.24197072322667215194
0.39894228069443443685
0.24197108443999140737
0.05399827343425839948
0.00445218226782552809
0.00014215452955706857
0.00000212549085101835
0.00000000000000000000
0.00000000000000000000
0.00000000000000000000
0.00000000000000000000
0.00000000000000000000
0.00000000000000000000
0.00000000000000000000
0.00000000000000505227
0.00000000000913472036
0.00000000607588281731
0.00000148671950677949
0.00013383022504881656
0.00443184838822508788
0.05399096622479875041
0.24197072469685790286
0.39894287381059062580
0.24200347186744214367
0.05423868358973559650
0.00470751149425761069
0.00019133058901417684
0.00000000000000000000
0.00000000000000000000
0.00000000000000000000
0.00000000000000000000
0.00000000000000000000
0.00000000000000000000
0.00000000000000000000
0.00000000000000000000
0.00000000000000505227
0.00000000000913472036
0.00000000607588281731
0.00000148671950677949
0.00013383022504881724
0.00443184838826557112
0.05399096655284153778
0.24197108443999140737
0.39899627165113188410
0.24308091543364257481
0.05734923034873552761
0.00633599892872727631
0.00000000000000000000
0.00000000000000000000
0.00000000000000000000
0.00000000000000000000
0.00000000000000000000
0.00000000000000000000
0.00000000000000000000
0.00000000000000000000
0.00000000000000000000
0.00000000000000505227
0.00000000000913472036
0.00000000607588281731
0.00000148671950677950
0.00013383022505003973
0.00443184841519296286
0.05399104682238452246
0.24200347186744214367
0.40077267577670555587
0.25702141884622803358
0.07718826868424372156
0.00000000000000000000
0.00000000000000000000
0.00000000000000000000
0.00000000000000000000
0.00000000000000000000
0.00000000000000000000
0.00000000000000000000
0.00000000000000000000
0.00000000000000000000
0.00000000000000000000
0.00000000000000505227
0.00000000000913472036
0.00000000607588281731
0.00000148671950679308
0.00013383022586317651
0.00443185500411828835
0.05399827343425839948
0.24308091543364257481
0.42375668027730301057
0.34593382012049300744
0.00000000000000000000
0.00000000000000000000
0.00000000000000000000
0.00000000000000000000
0.00000000000000000000
0.00000000000000000000
0.00000000000000000000
0.00000000000000000000
0.00000000000000000000
0.00000000000000000000
0.00000000000000000000
0.00000000000000505227
0.00000000000913472036
0.00000000607588281737
0.00000148671951582621
0.00013383042483148090
0.00443244820054401138
0.05423868358973559650
0.25702141884622803358
0.57034844748720880947
